Arrets
16
1 a 60 65 10 1 1 
2 b 125 210 15 1 1
3 c 160 50 15 1 2
4 d 225 125 15 1 2
5 e 50 350 15 1 3
6 h 200 350 15 1 3
7 i 345 210 15 3 1 2 3
8 j 500 300 15 1 2
9 k 580 210 15 1 1
10 l 740 70 15 1 1
11 m 500 100 15 1 3
12 n 250 450 15 1 4
13 o 400 450 15 1 4
14 p 578 390 15 1 4
15 q 690 270 15 1 4
16 r 800 200 15 1 4






lignes
4



Trams
8

1 60 65 0 1 1
2 125 210 0 1 1	
3 160 50 0 1 2
4 500 300 0 1 2
5 50 350 0 1 3
6 200 350 0 1 3
7 250 450 0 1 4
8 690 270 0 1 4












